file processed:
	20181126_A_outFile.txt

output format:
	url:
	[average_ping_midnight_hour, average_ping_1AM, average_ping_2AM....]

{'yahoo.com': 

[62.067, 60.087, 61.468, 62.93, 61.216, 59.812, 61.798, 59.526, 62.396, 58.323, 59.557, 62.639, 59.079, 58.699, 62.78, 60.82, 55.046, 61.348, 59.913, 62.686, 59.072, 61.123, 63.783, 61.444], 

'aline.com': 

[13.392, 13.312, 14.075, 13.875, 13.842, 14.058, 13.625, 13.633, 14.046, 13.179, 13.182, 13.269, 13.281, 13.202, 13.204, 13.218, 13.235, 13.473, 13.666, 13.869, 13.429, 13.614, 13.707, 13.928], 

'google.com': 

[13.69, 13.355, 13.694, 13.865, 13.935, 14.173, 13.77, 13.945, 13.975, 13.332, 13.261, 13.298, 13.407, 13.341, 13.337, 13.31, 13.354, 13.462, 13.686, 13.664, 13.513, 13.698, 13.874, 13.695], 

'navycaptain-therealnavy.blogspot.com': 

[13.497, 13.391, 13.717, 14.198, 13.827, 14.226, 13.774, 14.006, 14.322, 13.464, 13.373, 13.357, 13.23, 13.272, 13.47, 13.384, 13.333, 13.561, 13.631, 13.957, 13.477, 13.422, 13.959, 14.143], 

'facebook.com': 

[13.629, 13.481, 13.73, 13.997, 14.087, 14.178, 13.844, 14.015, 14.195, 13.455, 13.462, 13.569, 13.417, 13.413, 13.503, 13.444, 13.549, 13.783, 13.99, 13.851, 13.683, 13.869, 13.979, 13.977], 

'10.0.0.1': 

[1.218, 1.231, 1.203, 1.217, 1.195, 1.184, 1.172, 1.114, 1.178, 1.201, 1.2, 1.151, 1.183, 1.228, 1.215, 1.212, 1.131, 1.174, 1.185, 1.18, 1.148, 1.186, 1.16, 1.179], 

'vatican.com': 

[57.588, 57.61, 57.724, 57.934, 57.923, 57.91, 57.84, 58.036, 58.337, 57.417, 57.369, 57.511, 57.333, 57.347, 57.392, 57.432, 57.529, 57.678, 57.901, 57.776, 57.695, 57.771, 57.939, 57.879]}